10,220
10,211
10,189
10,187
10,2
10,3
9,5
9,2
8,7
8,14
8,13
8,10
114,5
114,4
114,3
114,2
114,1
114,0
113,4
113,3
113,2
113,1
113,0
112,4
112,3
112,2
112,1
112,0
111,4
111,3
111,2
111,1
111,0
110,3
110,2
110,1
110,0
20,3
20,2
20,1
19,3
19,2
19,1
12,3
12,2
12,1
11,28
11,27
11,26
11,25
11,24
11,23
11,22
11,21
11,20
11,19
11,18
11,17
11,16
11,15
11,14
11,13
11,12
11,11
11,10
11,9
11,8
11,7
11,6
11,5
11,4
11,3
11,2
11,1
10,302
10,301
10,300
10,299
10,298
10,296
10,295
10,294
10,293
10,292
10,291
10,290
10,288
10,286
10,285
10,284
10,283
10,282
10,281
10,280
10,278
10,277
10,275
10,274
10,273
10,272
10,271
10,269
10,268
10,267
10,265
10,263
10,261
10,259
18,1
18,3
14,1
14,3
13,1
13,3
10,258
10,207
10,182
2,2
2,1
